"","state","sales_and_excise_taxes","property_taxes","personal_and_business_income_taxes","other_taxes","total_state_and_local_taxes","effective_tax_rate","population","aggregate_income","sales_capita","property_capita","personal_and_business_income_capita","other_capita","total_capita"
"1","Alabama",79600000,24900000,38300000,3200000,146000000,8.7,61000,1684000000,1304.91803278689,408.196721311475,627.868852459016,52.4590163934426,2393.44262295082
"2","Alaska",3900000,5200000,2500000,1000000,12600000,5.9,6000,214000000,650,866.666666666667,416.666666666667,166.666666666667,2100
"3","Arizona",422100000,186900000,91200000,3800000,704000000,8.4,263000,8343000000,1604.94296577947,710.6463878327,346.768060836502,14.4486692015209,2676.80608365019
"4","Arkansas",119700000,35300000,31000000,2100000,188200000,9,64000,2081000000,1870.3125,551.5625,484.375,32.8125,2940.625
"5","California",3878400000,2605600000,1780500000,205600000,8470100000,9.1,2434000,92803000000,1593.42645850452,1070.50123253903,731.51191454396,84.4700082169269,3479.90961380444
"6","Colorado",184700000,142700000,104300000,4900000,436500000,7.8,156000,5585000000,1183.97435897436,914.74358974359,668.589743589744,31.4102564102564,2798.07692307692
"7","Connecticut",140400000,146800000,117900000,1300000,406400000,9.5,117000,4264000000,1200,1254.70085470085,1007.69230769231,11.1111111111111,3473.50427350427
"8","Delaware",12100000,17100000,25600000,2300000,57000000,6.8,28000,843000000,432.142857142857,610.714285714286,914.285714285714,82.1428571428571,2035.71428571429
"9","District of Columbia",22900000,26100000,23700000,900000,73600000,9.5,17000,773000000,1347.05882352941,1535.29411764706,1394.11764705882,52.9411764705882,4329.41176470588
"10","Florida",1059600000,725700000,36300000,22700000,1844300000,8,747000,23074000000,1418.47389558233,971.4859437751,48.5943775100402,30.388219544846,2468.94243641232
"11","Georgia",435700000,239600000,245900000,7200000,928500000,8,364000,11677000000,1196.97802197802,658.241758241758,675.54945054945,19.7802197802198,2550.82417582418
"12","Hawaii",71500000,29900000,54900000,1000000,157200000,11.8,39000,1329000000,1833.33333333333,766.666666666667,1407.69230769231,25.6410256410256,4030.76923076923
"13","Idaho",31400000,19900000,19600000,1000000,71900000,7.2,30000,1001000000,1046.66666666667,663.333333333333,653.333333333333,33.3333333333333,2396.66666666667
"14","Illinois",585600000,529600000,418300000,17800000,1551300000,10.3,422000,15054000000,1387.67772511848,1254.97630331754,991.232227488152,42.1800947867299,3676.0663507109
"15","Indiana",129100000,67000000,88200000,1500000,285900000,8.5,105000,3353000000,1229.52380952381,638.095238095238,840,14.2857142857143,2722.85714285714
"16","Iowa",51300000,42000000,29900000,1100000,124300000,9.6,42000,1288000000,1221.42857142857,1000,711.904761904762,26.1904761904762,2959.52380952381
"17","Kansas",88600000,62200000,55400000,2000000,208200000,9.7,75000,2157000000,1181.33333333333,829.333333333333,738.666666666667,26.6666666666667,2776
"18","Kentucky",54800000,24100000,39000000,1000000,118900000,8.5,51000,1400000000,1074.50980392157,472.549019607843,764.705882352941,19.6078431372549,2331.37254901961
"19","Louisiana",117900000,29400000,30900000,2800000,181000000,9.9,64000,1823000000,1842.1875,459.375,482.8125,43.75,2828.125
"20","Maine",4900000,6000000,4400000,300000,15600000,8.9,5000,176000000,980,1200,880,60,3120
"21","Maryland",261500000,196400000,314700000,6700000,779300000,8.7,259000,8945000000,1009.65250965251,758.301158301158,1215.05791505792,25.8687258687259,3008.88030888031
"22","Massachusetts",160700000,209600000,274400000,5200000,649800000,7.6,198000,8545000000,811.616161616162,1058.58585858586,1385.85858585859,26.2626262626263,3281.81818181818
"23","Michigan",113900000,80300000,94400000,1500000,290100000,8,111000,3644000000,1026.12612612613,723.423423423423,850.45045045045,13.5135135135135,2613.51351351351
"24","Minnesota",84700000,59200000,75700000,2100000,221700000,7.8,82000,2856000000,1032.92682926829,721.951219512195,923.170731707317,25.609756097561,2703.65853658537
"25","Mississippi",29900000,13600000,6100000,300000,49900000,8.9,21000,560000000,1423.80952380952,647.619047619048,290.47619047619,14.2857142857143,2376.19047619048
"26","Missouri",52800000,32100000,28000000,800000,113700000,7.4,57000,1543000000,926.315789473684,563.157894736842,491.228070175439,14.0350877192982,1994.73684210526
"27","Montana",400000,700000,800000,100000,2000000,6.9,1000,28000000,400,700,800,100,2000
"28","Nebraska",47700000,41000000,23100000,1300000,113100000,8.7,42000,1307000000,1135.71428571429,976.190476190476,550,30.952380952381,2692.85714285714
"29","Nevada",271900000,138600000,77300000,19300000,507100000,8.4,180000,6034000000,1510.55555555556,770,429.444444444444,107.222222222222,2817.22222222222
"30","New Hampshire",4000000,15900000,3000000,200000,23100000,5,13000,467000000,307.692307692308,1223.07692307692,230.769230769231,15.3846153846154,1776.92307692308
"31","New Jersey",424100000,450200000,434700000,16500000,1325500000,8.4,428000,15837000000,990.88785046729,1051.8691588785,1015.65420560748,38.5514018691589,3096.96261682243
"32","New Mexico",102700000,38100000,3700000,9300000,153800000,9.3,61000,1661000000,1683.60655737705,624.590163934426,60.655737704918,152.459016393443,2521.31147540984
"33","New York",919500000,1021700000,1154700000,7000000,3102700000,10.6,676000,29186000000,1360.20710059172,1511.39053254438,1708.13609467456,10.3550295857988,4589.79289940828
"34","North Carolina",365900000,164800000,154300000,7200000,692200000,7.6,314000,9065000000,1165.28662420382,524.84076433121,491.40127388535,22.9299363057325,2204.45859872611
"35","North Dakota",7700000,3200000,1000000,1100000,12900000,6.9,7000,189000000,1100,457.142857142857,142.857142857143,157.142857142857,1842.85714285714
"36","Ohio",114100000,69200000,78400000,3700000,265400000,8.2,104000,3225000000,1097.11538461538,665.384615384615,753.846153846154,35.5769230769231,2551.92307692308
"37","Oklahoma",122600000,49100000,51300000,4500000,227500000,8.9,89000,2545000000,1377.52808988764,551.685393258427,576.404494382022,50.561797752809,2556.1797752809
"38","Oregon",65400000,101300000,181800000,4700000,353100000,9,112000,3921000000,583.928571428571,904.464285714286,1623.21428571429,41.9642857142857,3152.67857142857
"39","Pennsylvania",183600000,139600000,185300000,14600000,523100000,9,174000,5845000000,1055.1724137931,802.298850574713,1064.94252873563,83.9080459770115,3006.32183908046
"40","Rhode Island",35500000,32500000,25500000,1400000,94900000,9.2,29000,1037000000,1224.13793103448,1120.68965517241,879.310344827586,48.2758620689655,3272.41379310345
"41","South Carolina",99100000,68700000,41000000,5000000,213800000,7.7,97000,2784000000,1021.64948453608,708.247422680412,422.680412371134,51.5463917525773,2204.12371134021
"42","South Dakota",9000000,4400000,400000,500000,14300000,7.2,8000,199000000,1125,550,50,62.5,1787.5
"43","Tennessee",233200000,63900000,10800000,6400000,314200000,8.4,134000,3744000000,1740.29850746269,476.865671641791,80.5970149253731,47.7611940298507,2344.77611940298
"44","Texas",2829000000,1802000000,180900000,60500000,4872500000,8.9,1863000,54978000000,1518.51851851852,967.257112184648,97.1014492753623,32.4745034889962,2615.4052603328
"45","Utah",115700000,56600000,60400000,2300000,235100000,8.3,92000,2825000000,1257.60869565217,615.217391304348,656.521739130435,25,2555.4347826087
"46","Vermont",2400000,3200000,2200000,100000,7900000,7.7,4000,102000000,600,800,550,25,1975
"47","Virginia",244700000,204200000,209500000,31300000,689800000,7.9,274000,8703000000,893.065693430657,745.255474452555,764.598540145985,114.233576642336,2517.51824817518
"48","Washington",646600000,278200000,57400000,15100000,997300000,8.7,276000,11445000000,2342.75362318841,1007.97101449275,207.971014492754,54.7101449275362,3613.40579710145
"49","West Virginia",4800000,1900000,3000000,700000,10400000,8.9,4000,117000000,1200,475,750,175,2600
"50","Wisconsin",71500000,70100000,55700000,1600000,198900000,8,76000,2496000000,940.78947368421,922.368421052632,732.894736842105,21.0526315789474,2617.10526315789
"51","Wyoming",6900000,5300000,2500000,1200000,15800000,6.8,6000,232000000,1150,883.333333333333,416.666666666667,200,2633.33333333333
